6
7
20
39
51
67
75
76
84
97
113
121
132
144
145
178
216
235
242
247
267
324
334
345
347
365
376
382
383
387
391
402
404
422
432
434
461
474
478
486
498
502
519
519
526
535
548
553
557
559
561
568
574
590
601
603
605
610
623
623
625
633
635
635
639
648
679
680
721
728
739
741
751
761
774
780
783
790
790
791
806
811
819
836
863
866
878
892
900
903
917
918
926
931
941
945
1000
1021
1028
1034
1055
1064
1071
1075
1081
1085
1095
1097
1099
1102
1106
1109
1131
1146
1167
1176
1180
1213
1218
1234
1243
1245
1255
1259
1261
1286
1298
1306
1309
1326
1327
1337
1347
1349
1361
1361
1367
1395
1434
1438
1459
1479
1496
1511
1515
1519
1534
1545
1562
1568
1606
1615
1618
1621
1637
1641
1657
1659
1667
1708
1716
1720
1728
1728
1737
1747
1774
1819
1821
1826
1844
1872
1879
1880
1881
1887
1896
1899
1921
1927
1938
1942
1976
1987
2004
2005
2009
2036
2047
2069
2073
2075
2087
2095
2103
2110
2111
2132
2133
2136
2139
2143
2145
2152
2155
2162
2165
2184
2202
2204
2220
2229
2244
2248
2250
2255
2271
2292
2306
2312
2331
2340
2341
2342
2346
2346
2351
2352
2356
2380
2381
2383
2388
2388
2399
2404
2406
2411
2416
2431
2434
2436
2452
2453
2466
2466
2473
2482
2482
2487
2532
2547
2547
2565
2569
2580
2581
2595
2598
2598
2640
2642
2644
2644
2649
2659
2661
2664
2666
2667
2670
2680
2683
2683
2710
2713
2750
2786
2786
2862
2890
2901
2929
2944
2946
2952
2962
2974
2979
2991
2993
2999
3008
3043
3050
3060
3071
3077
3090
3090
3094
3105
3105
3113
3115
3144
3150
3165
3187
3194
3202
3232
3244
3244
3281
3290
3316
3317
3355
3357
3361
3376
3387
3393
3404
3408
3414
3415
3429
3440
3443
3450
3454
3470
3471
3478
3483
3493
3496
3500
3515
3519
3536
3539
3542
3543
3547
3551
3564
3566
3585
3592
3602
3604
3637
3641
3641
3646
3647
3649
3653
3662
3663
3665
3670
3698
3702
3702
3708
3716
3716
3735
3753
3757
3772
3783
3789
3806
3818
3820
3825
3830
3833
3851
3864
3915
3920
3923
3940
3959
3967
3975
3998
4018
4031
4036
4045
4049
4062
4065
4083
4102
4110
4115
4120
4120
4137
4138
4145
4149
4156
4176
4192
4219
4246
4270
4272
4274
4287
4298
4315
4328
4335
4361
4362
4364
4370
4387
4389
4390
4392
4411
4427
4429
4479
4496
4507
4516
4519
4525
4528
4532
4534
4542
4546
4570
4570
4571
4594
4597
4600
4609
4621
4648
4650
4659
4660
4666
4691
4699
4699
4702
4703
4707
4709
4722
4727
4728
4739
4757
4758
4764
4770
4770
4780
4823
4835
4851
4853
4853
4858
4870
4871
4878
4880
4883
4915
4915
4917
4928
4935
4950
4950
4961
4971
4982
4997
5011
5012
5012
5016
5016
5030
5032
5036
5038
5039
5059
5084
5098
5102
5115
5116
5119
5120
5129
5133
5133
5136
5142
5143
5143
5160
5171
5172
5172
5179
5186
5203
5207
5251
5255
5265
5275
5289
5299
5300
5319
5332
5342
5349
5356
5366
5373
5378
5380
5399
5421
5428
5439
5460
5465
5472
5481
5492
5501
5509
5512
5515
5519
5519
5545
5550
5584
5590
5625
5631
5634
5642
5649
5661
5682
5687
5698
5705
5706
5721
5726
5733
5733
5734
5735
5736
5741
5751
5754
5765
5773
5821
5829
5855
5864
5875
5884
5884
5893
5898
5898
5913
5930
5951
5954
5970
5982
5985
6001
6006
6006
6010
6018
6019
6027
6033
6049
6052
6059
6072
6073
6087
6091
6098
6108
6123
6128
6147
6148
6154
6175
6186
6191
6197
6204
6205
6229
6232
6251
6297
6304
6316
6317
6317
6328
6328
6355
6364
6368
6373
6385
6399
6410
6413
6414
6417
6423
6451
6458
6471
6484
6487
6503
6503
6506
6509
6515
6526
6532
6534
6561
6567
6597
6621
6626
6635
6650
6658
6662
6686
6697
6753
6762
6766
6795
6798
6802
6803
6803
6809
6825
6833
6835
6838
6839
6853
6857
6863
6866
6902
6913
6918
6923
6923
6928
6942
6955
6962
6965
6982
6997
7004
7008
7009
7010
7019
7022
7024
7027
7037
7041
7043
7058
7061
7068
7072
7073
7080
7092
7093
7100
7147
7161
7171
7179
7191
7193
7198
7207
7209
7215
7216
7216
7218
7220
7230
7239
7251
7255
7283
7296
7307
7333
7352
7355
7355
7364
7367
7379
7394
7396
7407
7451
7451
7458
7465
7474
7479
7480
7491
7495
7499
7509
7511
7513
7516
7531
7537
7540
7550
7557
7557
7569
7610
7639
7640
7650
7663
7683
7687
7691
7702
7714
7734
7750
7766
7773
7773
7782
7813
7830
7830
7842
7843
7850
7851
7853
7867
7879
7898
7923
7934
7938
7941
7960
7969
7976
8026
8045
8061
8067
8078
8105
8107
8109
8112
8142
8145
8164
8180
8183
8233
8237
8248
8249
8256
8258
8260
8264
8278
8285
8292
8294
8300
8311
8311
8320
8330
8333
8336
8340
8343
8361
8362
8366
8388
8404
8406
8456
8477
8489
8504
8529
8557
8594
8603
8617
8626
8642
8642
8664
8679
8682
8696
8698
8705
8709
8746
8765
8767
8783
8812
8813
8813
8814
8817
8838
8843
8858
8861
8863
8870
8871
8893
8896
8898
8901
8901
8917
8922
8938
8940
8944
8947
8955
8958
8962
8994
8998
9005
9012
9013
9021
9031
9038
9044
9062
9064
9066
9068
9076
9099
9116
9119
9134
9141
9146
9180
9188
9190
9224
9233
9235
9251
9266
9268
9303
9312
9314
9327
9327
9357
9376
9406
9410
9414
9423
9423
9425
9445
9448
9453
9454
9468
9469
9496
9512
9527
9532
9562
9571
9582
9582
9591
9592
9655
9656
9661
9669
9681
9683
9689
9689
9703
9710
9712
9731
9743
9769
9809
9834
9834
9843
9864
9873
9882
9885
9890
9894
9895
9895
9903
9919
9921
9923
9943
9953
9956
9960
9962
9964
9967
9969
